OTU,susp_C,susp_MAC_a1,susp_MAC_a2,susp_PEB_a1,susp_PEB_a2
1,OTU-123,1,0.25,0,0,0
2,OTU-14924,0.25,0,0,0,0
3,OTU-172,0.5,0,0,0,0
4,OTU-51,1,0,0,0,0
5,OTU-99,1,0,0,0,0
6,OTU-133,0,0,0,0,0
7,OTU-44,0.75,0,0,0,0
8,OTU-10,0.25,0,0,0,0
9,OTU-222,1,1,1,0.25,0
10,OTU-728,0.75,0,0,0,0
11,OTU-2874,1,0,0,0,0
12,OTU-5121,0.75,0,0,0,0
13,OTU-7,1,0,0,0,0
14,OTU-53321,0.5,0,0,0,0
15,OTU-305,1,0,0,0,0
16,OTU-48234,1,0,0,0,0
17,OTU-704,0.5,0,0,0,0
18,OTU-81,1,0,0,0,0.25
19,OTU-39431,1,1,0.75,0.5,0
20,OTU-28474,0.75,0.5,0,0,0
21,OTU-150,0.25,0,0,0,0.25
22,OTU-25822,1,1,1,0.5,0
23,OTU-49248,0.75,1,0.75,0,0
24,OTU-1,1,1,1,1,1
25,OTU-213,0.25,0,0,0,0
26,OTU-863,1,0,0,0,0
27,OTU-23498,0.25,0,0,0,0
28,OTU-669,1,0,0,0,0
29,OTU-217,0.25,0,0,0,0
30,OTU-847,1,0,0,0,0
31,OTU-219,0,0.75,0,0,0
32,OTU-26710,0.25,0.75,0.25,0.75,0.25
33,OTU-38,1,1,1,0.75,1
34,OTU-23709,0.5,0.25,0,0,0
35,OTU-151,1,0,0,0,0
36,OTU-20,0.75,0,0,0,0
37,OTU-655,1,0,0,0,0
38,OTU-36,1,0,0,0,0
39,OTU-7634,0.5,0,0,0,0
40,OTU-54,0.5,0,0,0,0.25
41,OTU-22476,0.5,0,0,0,0
42,OTU-3584,0,0,0,0,0
43,OTU-286,1,0,0,0,0
44,OTU-59018,0,0,0,0,0
45,OTU-157,1,0,0,0,0
46,OTU-2428,0.25,0,0,0,0
47,OTU-317,0,0,0,0,0
48,OTU-98,1,1,1,0.75,0.75
49,OTU-2352,0.5,0,0,0,0
50,OTU-17,1,1,0.5,0,0
51,OTU-17138,0.5,0,0,0,0
52,OTU-5544,0.75,0,0,0,0
53,OTU-12250,1,0,0,0,0
54,OTU-46,0.5,0,0,0,0
55,OTU-321,1,0,0,0,0
56,OTU-23166,1,0,0,0,0
57,OTU-109,0.5,0,0,0,0
58,OTU-239,0.5,0,0,0,0
59,OTU-40,0,0,0,0,0
60,OTU-741,0.5,0,0,0,0
61,OTU-212,0.75,0,0,0,0
62,OTU-152,0.25,0,0,0,0
63,OTU-42,0.75,0.25,0,0,0
64,OTU-248,0.25,0,0,0,0
65,OTU-258,0.25,0,0,0,0
66,OTU-771,1,0,0,0,0
67,OTU-70,0.25,0,0,0,0
68,OTU-78,0.25,0,0,0,0
69,OTU-185,0.25,0,0,0,0
70,OTU-8353,0.5,0,0,0,0
71,OTU-47005,1,0,0,0,0
72,OTU-106,0.75,0,0,0,0
73,OTU-124,1,0,0,0,0
74,OTU-120,0.25,1,1,1,1
75,OTU-585,1,0,0,0,0
76,OTU-108,1,0,0,0,0
77,OTU-23602,0.5,0,0,0,0
78,OTU-53,1,0,0,0,0
79,OTU-89,1,0,0,0,0
80,OTU-176,0.5,0,0,0,0
81,OTU-198,1,0,0,0,0
82,OTU-966,0.75,0,0,0,0
83,OTU-278,1,0,0,0,0
84,OTU-116,1,0,0,0,0
85,OTU-55504,0.5,0,0,0,0
86,OTU-125,0.75,0,0,0,0
87,OTU-375,1,0,0,0,0
88,OTU-58,0.25,0,0,0,0
89,OTU-309,1,0,0,0,0
90,OTU-183,0.5,0,0,0,0
91,OTU-442,1,0,0,0,0.25
92,OTU-24,1,0.25,0.25,0.25,0.25
93,OTU-2206,0,0,0,0,0
94,OTU-70210,0.25,0,0,0,0
95,OTU-26,1,0,0.25,0.5,0
96,OTU-24525,0,0,0,0,0.25
97,OTU-1574,0.25,0,0,0,0
98,OTU-247,0.75,0,0,0,0
99,OTU-11075,0,0,0,0,0
100,OTU-18921,0,0,0,0,0
101,OTU-3,1,0.5,0.5,0.25,0.5
102,OTU-145,0.75,0,0,0,0
103,OTU-4225,1,0,0,0,0
104,OTU-94,1,0,0,0.5,0
105,OTU-31,0.5,0,0,0,0
106,OTU-773,0.5,0,0,0.25,0
107,OTU-56220,1,0,0,0,0
108,OTU-128,0.75,0,0,0,0
109,OTU-52,1,0,0,0.25,0
110,OTU-16976,0,0,0,0,0
111,OTU-59756,0.25,0,0,0,0
112,OTU-14508,0.5,0,0,0,0
113,OTU-58013,1,0.25,0.25,0,0
114,OTU-4,1,0,0,0.25,0
115,OTU-16154,0.75,0,0,0.75,0
116,OTU-2667,0,0,0,0,0
117,OTU-2147,0,0,0,0,0
118,OTU-715,0.75,0,0,0,0
119,OTU-66662,0,0,0,0,0
120,OTU-292,0.5,0,0,0,0
121,OTU-581,0.75,0,0,0,0
122,OTU-82,1,0,0,0,0
123,OTU-268,1,0,0,0,0
124,OTU-426,0.75,0,0,0,0
125,OTU-156,0.5,0,0,0,0
126,OTU-242,0.75,0,0,0,0
127,OTU-1458,0.75,0,0,0,0
128,OTU-32,1,0.25,0,0,0
129,OTU-914,0.5,0,0,0,0
130,OTU-709,1,0,0,0,0
131,OTU-625,1,0,0,0,0
132,OTU-1099,0.75,0,0,0,0
133,OTU-263,1,0,0,0,0
134,OTU-536,0.5,0,0,0,0
135,OTU-1340,1,0,0,0,0
136,OTU-1067,1,0,0,0,0
137,OTU-56040,1,0,0,0,0
138,OTU-324,1,0,0,0,0
139,OTU-1613,0.25,0,0,0,0
140,OTU-255,1,0,0,0,0
141,OTU-749,0.5,0,0,0,0
142,OTU-6403,0.75,0,0,0,0
143,OTU-91,1,0,0,0.25,0
144,OTU-169,0.5,0,0,0,0
145,OTU-745,1,0,0,0,0
146,OTU-273,1,0,0,0,0
147,OTU-4976,1,0,0,0,0
148,OTU-861,0.25,0,0,0,0
149,OTU-28,1,0,0,0,0
150,OTU-88,0,0,0,0,0
151,OTU-7936,0,0,0,0,0
152,OTU-225,0,0,0,0,0
153,OTU-548,0.75,0,0,0,0
154,OTU-1019,0.25,0,0,0,0
155,OTU-605,0,0,0,0,0
156,OTU-15,0.5,0,0,0,0
157,OTU-552,0.25,0,0,0,0
158,OTU-3055,0,0,0,0,0
159,OTU-1130,1,0,0,0,0
160,OTU-142,0.25,0,0,0,0
161,OTU-1664,0.25,0,0,0,0
162,OTU-4113,0.25,0,0,0,0
163,OTU-182,0.25,0,0,0,0
164,OTU-661,0.75,0,0,0,0
165,OTU-6476,1,0,0,0,0
166,OTU-1096,1,0,0,0,0
167,OTU-220,0.75,0,0,0,0
168,OTU-874,0.75,0,0,0,0
169,OTU-637,0.75,0,0,0,0
170,OTU-2672,0.25,0,0,0,0
171,OTU-613,0.25,0,0,0,0
172,OTU-195,0.75,0,0,0,0
173,OTU-281,0.75,0,0,0,0.25
174,OTU-254,0.5,0,0,0,0
175,OTU-9815,0,0,0,0,0
176,OTU-131,0.75,0,0,0,0
177,OTU-310,1,0,0,0,0
178,OTU-1097,1,0,0,0,0
179,OTU-1071,1,0,0,0,0
180,OTU-42709,1,0,0,0,0
181,OTU-3827,1,0,0,0,0
182,OTU-1360,1,0,0,0,0
183,OTU-413,1,0.25,0,0,0
184,OTU-1090,0.75,0,0,0,0
185,OTU-191,1,0,0,0.5,0.75
186,OTU-149,1,0,0,0,0
187,OTU-5,1,0,0.25,1,0
188,OTU-10108,1,0,0,0,0
189,OTU-70712,1,0,0,0,0
190,OTU-65,1,0,0,0,0
191,OTU-976,0.25,0,0,0,0
192,OTU-139,0.25,0,0,0,0
193,OTU-580,1,0,0,0.25,0
194,OTU-1034,1,0,0,0,0
195,OTU-18608,1,0,0,0,0
196,OTU-424,1,0,0,0,0
197,OTU-104,0.75,0,0,0,0
198,OTU-687,1,0,0,0,0
199,OTU-1656,0.5,0,0,0,0
200,OTU-740,1,0,0,0,0
201,OTU-334,1,0,0,0,0
202,OTU-86,0.5,0,0,0,0
203,OTU-190,0,0,0,0,0
204,OTU-3075,0,0,0,0,0
205,OTU-227,0,0,0,0,0
206,OTU-547,0.25,0,0,0,0
207,OTU-229,1,0,0,0,0
208,OTU-181,0.25,0,0,0,0
209,OTU-136,1,0,0,0,0
210,OTU-19704,0.5,0,0,0,0
211,OTU-6,1,0,0,0.25,0.25
212,OTU-14931,0.25,0,0,0,0
213,OTU-350,1,0,0,0,0
214,OTU-70124,0.75,0,0,0.25,0
215,OTU-10407,1,0.25,0.25,0.75,0
216,OTU-10847,0,0.5,0,0,0.25
217,OTU-2390,0.5,0.25,0,0.75,0
218,OTU-148,1,0,0,0,0
219,OTU-2445,1,0,0,0,0
220,OTU-5369,1,0,0,0,0
221,OTU-23,1,0,0,0,0.25
222,OTU-1551,1,0,0,0,0
223,OTU-54534,1,0,0,0,0
224,OTU-569,1,0,0,0,0
225,OTU-60671,1,0,0,0,0
226,OTU-19152,1,0,0,0,0
227,OTU-1313,1,0,0,0,0
228,OTU-17126,0.5,0,0,0,0
229,OTU-2461,0.5,0,0,0,0
230,OTU-16,1,0,0,0,0
231,OTU-168,1,0,0,0,0
232,OTU-35999,1,0,0,0,0
233,OTU-100,0.5,0,0,0,0.25
234,OTU-373,1,0,0.25,0,0
235,OTU-15981,1,0,0,0,0
236,OTU-45,0.75,1,1,0.25,1
237,OTU-53752,0.25,1,1,0,0
238,OTU-5733,0.25,1,1,0,0.25
239,OTU-60945,0.25,0.75,1,0,0
240,OTU-2864,0.75,0,0.75,0,0
241,OTU-10822,0.5,0.5,0.25,0,0
242,OTU-26284,0.25,0,0,0,0
243,OTU-167,1,0.75,1,0,0
244,OTU-1673,0.5,0,0,0,0
245,OTU-757,1,0.5,0.75,0,0
246,OTU-30,1,0.25,0,0,0
247,OTU-27,1,0,0,0,0
248,OTU-261,0,0,0.25,0,0
249,OTU-67734,0.25,0,0,0,0
250,OTU-52161,0,0,0,0,0
251,OTU-5326,0.25,0,0,0,0
252,OTU-776,0.75,0,0,0,0
253,OTU-4417,0.25,0,0,0,0
254,OTU-1408,0.75,0,0,0,0
255,OTU-412,1,0,0,0,0
256,OTU-589,0.75,0,0,0,0
257,OTU-512,0.75,0,0,0.5,0
258,OTU-47,1,0,0,0,0.25
